[header]
width=27
height=22
tilewidth=72
tileheight=72

[tilesets]
tileset=tiles_spritesheet.png,70,70,0,0

[layer]
type=Tile Layer 1
data=
99,99,99,99,99,99,99,99,99,99,99,99,99,99,99,99,99,99,99,99,99,99,99,99,99,99,99,
99,99,99,99,99,99,99,99,99,99,99,99,99,99,99,99,99,99,99,99,99,99,99,99,99,99,99,
99,0,0,0,0,0,0,0,0,0,0,0,0,0,0,0,0,0,0,0,0,0,0,0,0,0,99,
99,0,0,0,0,0,0,0,0,0,0,0,0,0,0,0,0,0,0,0,0,0,0,0,0,0,99,
99,0,0,0,0,0,0,0,0,0,0,0,0,0,0,0,0,0,0,0,0,0,0,0,0,0,99,
122,74,74,51,0,0,0,0,0,0,0,75,74,74,74,51,0,0,0,0,0,0,0,75,74,74,134,
99,0,0,0,0,0,0,0,0,0,0,0,0,0,0,0,0,0,0,0,0,0,0,0,0,0,99,
99,0,0,0,0,0,0,0,0,0,0,0,0,0,0,0,0,0,0,0,0,0,0,0,0,0,99,
99,0,0,0,0,75,74,74,74,51,0,0,0,0,0,0,0,75,74,74,74,51,0,0,0,0,99,
99,0,0,0,0,0,0,0,0,0,0,0,0,0,0,0,0,0,0,0,0,0,0,0,0,0,99,
99,0,0,0,0,0,0,0,0,0,0,0,0,0,0,0,0,0,0,0,0,0,0,0,0,0,99,
99,0,0,0,0,0,0,0,0,0,0,0,0,0,0,0,0,0,0,0,0,0,0,0,0,0,99,
122,74,74,51,0,0,0,75,74,74,74,51,0,0,0,75,74,74,74,51,0,0,0,75,74,74,134,
99,0,0,0,0,0,0,0,0,0,0,0,0,0,0,0,0,0,0,0,0,0,0,0,0,0,99,
99,0,0,0,0,0,0,0,0,0,0,0,0,0,0,0,0,0,0,0,0,0,0,0,0,0,99,
99,0,0,0,0,0,0,0,0,0,0,0,0,0,0,0,0,0,0,0,0,0,0,0,0,0,99,
99,0,0,0,75,74,51,0,0,0,74,74,51,0,0,0,0,0,0,0,75,74,74,51,0,0,99,
99,0,0,0,0,0,0,0,0,0,99,99,74,74,51,0,0,0,0,0,0,0,0,0,0,0,99,
99,0,0,0,0,0,0,0,0,0,99,99,99,99,74,74,51,0,0,0,0,0,0,0,0,0,99,
99,0,0,0,0,0,0,0,0,0,99,99,99,99,99,99,74,74,51,0,0,0,0,0,0,0,99,
122,74,74,74,74,74,74,74,74,74,74,74,74,74,74,74,74,74,74,74,74,74,74,74,74,74,134,
99,99,99,99,99,99,99,99,99,99,99,99,99,99,99,99,99,99,99,99,99,99,99,99,99,99,99

[Players]
# player2Position
type=player2
location=165,321,0,0

[Players]
# playerPosition
type=player
location=1581,1397,0,0

[Plasma]
type=plasma
location=1730,320,0,0

[Plasma]
type=plasma
location=975,320,0,0

[Plasma]
type=plasma
location=398,1371,0,0

[Plasma]
type=plasma
location=702,815,0,0

[Plasma]
type=plasma
location=1730,815,0,0

[Plasma]
type=plasma
location=1235.67,815,0,0

[Plasma]
type=plasma
location=1600,1111,0,0

[Plasma]
type=plasma
location=200,815,0,0

[Plasma]
type=plasma
location=1357.58,542.424,0,0

[Plasma]
type=plasma
location=398,1111,0,0

