[header]
width=64
height=22
tilewidth=70
tileheight=70

[tilesets]
tileset=tiles_spritesheet.png,70,70,0,0

[layer]
type=Tile Layer 1
data=
153,153,153,153,153,153,153,153,153,153,153,153,153,153,153,153,153,153,153,153,153,153,153,153,153,153,153,153,153,153,153,153,153,153,153,153,153,153,153,153,153,153,153,153,153,153,153,153,153,153,153,153,153,153,153,153,153,153,153,153,153,153,153,153,
153,153,153,153,153,153,153,153,153,153,153,153,153,153,153,153,153,153,153,153,153,153,153,153,153,153,153,153,153,153,153,153,153,153,153,153,153,153,153,153,153,153,153,153,153,153,153,153,153,153,153,153,153,153,153,153,153,153,153,153,153,153,153,153,
153,0,0,0,0,0,0,0,0,0,0,0,0,0,0,0,0,0,0,0,0,0,0,0,0,0,0,0,0,0,0,0,0,0,0,0,0,0,0,0,0,0,0,0,0,0,0,0,0,0,0,0,0,0,0,0,0,0,0,0,0,0,0,153,
153,0,0,0,0,0,0,0,0,0,0,0,0,0,0,0,0,0,0,0,0,0,0,0,0,0,0,0,0,0,0,0,0,0,0,0,0,0,0,0,0,0,0,0,0,0,0,0,0,0,0,0,0,0,0,0,0,0,0,0,0,0,46,153,
153,0,0,0,0,0,0,0,0,0,0,0,0,0,0,0,0,0,0,0,0,0,0,0,0,0,0,0,0,0,0,0,0,0,0,0,0,0,0,0,0,0,0,0,0,0,0,0,0,0,0,0,0,0,0,0,0,0,0,0,0,0,58,153,
153,0,0,0,0,0,0,0,0,0,0,0,0,0,0,0,0,0,0,0,0,0,0,0,0,0,0,0,0,0,0,0,0,0,0,0,0,0,0,0,0,0,0,0,0,0,0,0,0,0,0,0,0,0,0,0,0,0,0,0,129,104,104,153,
153,0,0,0,0,0,0,0,0,0,0,0,0,0,0,0,0,0,0,0,0,0,0,0,0,0,0,0,0,0,0,0,0,0,0,0,0,0,0,0,0,0,0,0,0,0,0,0,0,0,0,0,0,0,0,0,0,0,0,0,0,0,153,153,
153,0,0,0,0,0,0,0,0,0,0,0,0,0,0,0,0,0,0,0,0,0,0,0,0,0,0,0,0,0,0,0,0,0,0,0,0,0,0,0,0,0,0,0,0,0,0,0,0,0,0,0,0,0,0,0,0,0,0,0,0,0,153,153,
153,0,0,0,0,0,0,0,0,0,0,0,0,0,0,0,0,0,0,0,0,0,0,0,0,0,129,104,104,105,0,0,0,0,0,0,0,0,0,0,0,0,0,0,0,0,0,0,0,0,0,0,0,0,129,104,104,105,0,0,0,0,153,153,
153,0,0,0,0,0,0,0,0,0,0,0,0,0,0,0,0,0,0,0,0,0,0,0,0,0,0,0,0,0,0,0,0,0,0,0,0,0,0,0,0,0,0,0,0,0,0,0,0,0,0,0,0,0,0,0,0,0,0,0,0,0,153,153,
153,0,0,0,0,0,0,0,0,0,0,0,0,0,0,0,0,129,104,104,105,0,0,0,0,0,0,0,0,0,0,0,0,0,0,0,0,0,0,0,0,0,0,0,0,0,0,0,0,0,0,0,0,0,0,0,0,0,0,0,0,0,153,153,
153,0,0,0,0,0,0,0,0,0,0,0,0,0,0,0,0,0,0,0,0,0,0,0,0,0,0,0,0,0,0,0,0,0,129,104,104,105,0,0,0,0,0,0,0,0,0,129,104,104,105,0,0,0,0,0,0,0,0,0,0,0,153,153,
153,0,0,0,0,0,0,0,0,0,0,0,0,0,0,0,0,0,0,0,0,0,0,0,0,0,0,0,0,0,0,0,0,0,0,0,0,0,0,0,0,0,0,0,0,0,0,0,0,0,0,0,0,0,0,0,0,0,0,0,0,0,153,153,
153,0,0,0,0,0,0,0,0,0,0,0,0,0,0,0,0,0,0,0,0,0,0,0,0,0,0,0,0,0,0,0,0,0,0,0,0,0,0,0,0,0,0,0,0,0,0,0,0,0,0,0,0,0,0,0,0,0,0,0,0,0,153,153,
153,0,0,0,0,0,0,0,0,0,129,104,104,105,0,0,0,0,0,0,0,0,0,0,0,0,0,0,0,0,0,0,0,0,0,0,0,0,0,0,0,129,104,104,105,0,0,0,0,0,0,0,0,0,0,0,0,0,0,0,0,0,153,153,
153,0,0,0,0,0,0,0,0,0,0,0,0,0,0,0,0,0,0,0,0,0,0,0,0,0,0,129,104,104,105,0,0,0,0,0,0,0,0,0,0,0,0,0,0,0,0,0,0,0,0,0,0,0,0,129,104,104,105,0,0,0,153,153,
153,0,0,0,0,0,0,0,0,0,0,0,0,0,0,0,0,0,0,0,0,0,0,0,0,0,0,0,0,0,0,0,0,0,0,0,0,0,0,0,0,0,0,0,0,0,0,0,0,0,0,0,0,0,0,0,0,0,0,0,0,0,153,153,
153,0,0,0,0,0,0,0,0,0,0,0,0,0,0,0,0,129,104,104,105,0,0,0,0,0,0,0,0,0,0,0,0,0,0,0,0,0,0,0,0,0,0,0,0,0,0,0,0,0,0,0,0,0,0,0,0,0,0,0,0,0,153,153,
153,0,0,0,0,129,104,104,105,0,0,0,0,0,0,0,0,0,0,0,0,0,0,0,0,0,0,0,0,0,0,0,0,0,0,0,0,0,0,0,0,0,0,0,0,0,0,0,0,0,0,0,0,0,0,0,0,0,0,0,0,0,153,153,
153,0,0,0,0,0,153,153,0,0,0,0,0,0,0,0,0,0,0,0,0,0,0,0,0,0,0,0,0,0,0,0,0,0,0,0,0,0,0,0,0,0,0,0,0,0,0,0,0,0,0,0,0,0,0,0,0,0,0,0,0,0,153,153,
153,104,104,104,104,104,153,153,104,104,104,104,104,104,104,104,104,104,104,104,104,104,104,104,104,104,104,104,104,104,104,104,104,104,104,104,104,104,104,104,104,104,104,104,104,104,104,104,104,104,104,104,104,104,104,104,104,104,104,104,104,104,153,153,
153,153,153,153,153,153,153,153,153,153,153,153,153,153,153,153,153,153,153,153,153,153,153,153,153,153,153,153,153,153,153,153,153,153,153,153,153,153,153,153,153,153,153,153,153,153,153,153,153,153,153,153,153,153,153,153,153,153,153,153,153,153,153,153

[Players]
# playerPosition
type=player
location=176,1368,0,0

